programIdentifier , memberIdentifier
13 , 1
13 , 3
13 , 7
13 , 8
13 , 10
13 , 11
13 , 13
13 , 16
13 , 18
13 , 20
13 , 21
13 , 22
13 , 23
13 , 24
13 , 27
13 , 29
13 , 31
13 , 32
13 , 36
13 , 37
13 , 41
13 , 43
13 , 46
13 , 48
13 , 52
13 , 53
13 , 57
13 , 58
13 , 59
13 , 63
13 , 67
13 , 68
13 , 70
13 , 71
13 , 72
13 , 74
13 , 76
13 , 77
13 , 78
13 , 79
13 , 80
13 , 83
13 , 85
13 , 86
13 , 87
13 , 88
13 , 94
13 , 99
13 , 102
13 , 105
13 , 106
13 , 109
13 , 111
13 , 112
13 , 113
13 , 116
13 , 118
13 , 122
13 , 123
13 , 124
13 , 126
13 , 128
13 , 131
13 , 132
13 , 133
13 , 138
13 , 139
13 , 141
13 , 142
13 , 147
13 , 148
13 , 149
13 , 153
13 , 157
13 , 158
13 , 159
13 , 162
13 , 163
13 , 167
13 , 168
13 , 169
13 , 170
13 , 171
13 , 172
13 , 173
13 , 174
13 , 176
13 , 184
13 , 186
13 , 189
13 , 191
13 , 195
13 , 200
13 , 202
13 , 204
13 , 205
13 , 206
13 , 207
13 , 209
13 , 210
13 , 212
13 , 215
13 , 218
13 , 219
13 , 220
13 , 222
13 , 224
13 , 225
13 , 226
13 , 227
13 , 228
13 , 229
13 , 231
13 , 232
13 , 233
13 , 235
13 , 236
13 , 239
13 , 240
13 , 241
13 , 242
13 , 243
13 , 247
13 , 248
13 , 251
13 , 253
13 , 254
13 , 255
13 , 256
13 , 257
13 , 258
13 , 261
13 , 262
13 , 263
13 , 265
13 , 266
13 , 267
13 , 268
13 , 269
13 , 270
13 , 271
13 , 272
13 , 273
13 , 274
13 , 275
13 , 276
13 , 277
13 , 278
13 , 279
13 , 281
13 , 282
13 , 283
13 , 284
13 , 286
13 , 288
13 , 289
13 , 291
13 , 292
13 , 295
13 , 296
13 , 297
13 , 299
13 , 301
13 , 302
13 , 303
13 , 307
13 , 309
13 , 311
13 , 313
13 , 314
13 , 315
13 , 316
13 , 318
13 , 319
13 , 322
13 , 324
13 , 325
13 , 329
13 , 330
13 , 332
13 , 333
13 , 337
13 , 340
13 , 343
13 , 347
13 , 349
13 , 352
13 , 353
13 , 354
13 , 355
13 , 356
13 , 358
13 , 360
13 , 362
13 , 363
13 , 364
13 , 366
13 , 367
13 , 368
13 , 371
13 , 373
13 , 374
13 , 377
13 , 378
13 , 379
13 , 380
13 , 385
13 , 386
13 , 388
13 , 395
13 , 401
13 , 402
13 , 404
13 , 405
13 , 407
13 , 409
13 , 410
13 , 412
13 , 414
13 , 415
13 , 417
13 , 418
13 , 420
13 , 421
13 , 422
13 , 423
13 , 428
13 , 429
13 , 432
13 , 435
13 , 436
13 , 439
13 , 441
13 , 442
13 , 445
13 , 448
13 , 452
13 , 453
13 , 457
13 , 461
13 , 466
13 , 467
13 , 468
13 , 470
13 , 474
13 , 477
13 , 478
13 , 481
13 , 482
13 , 484
13 , 488
13 , 489
13 , 490
13 , 492
13 , 494
13 , 496
13 , 497
13 , 498
13 , 499
13 , 500
13 , 502
13 , 503
13 , 504
13 , 506
13 , 507
13 , 511
13 , 512
13 , 513
13 , 514
13 , 515
13 , 516
13 , 518
13 , 519
13 , 520
13 , 521
13 , 522
13 , 523
13 , 524
13 , 529
13 , 530
13 , 532
13 , 533
13 , 535
13 , 538
13 , 540
13 , 541
13 , 543
13 , 544
13 , 545
13 , 546
13 , 549
13 , 551
13 , 552
13 , 553
13 , 554
13 , 556
13 , 558
13 , 559
13 , 560
13 , 563
13 , 565
13 , 569
13 , 571
13 , 573
13 , 574
13 , 575
13 , 580
13 , 581
13 , 582
13 , 583
13 , 585
13 , 586
13 , 588
13 , 589
13 , 590
13 , 591
13 , 592
13 , 595
13 , 597
13 , 600
13 , 606
13 , 609
13 , 613
13 , 614
13 , 615
13 , 616
13 , 618
13 , 620
13 , 621
13 , 622
13 , 624
13 , 625
13 , 626
13 , 627
13 , 628
13 , 629
13 , 631
13 , 632
13 , 635
13 , 637
13 , 638
13 , 639
13 , 645
13 , 646
13 , 649
13 , 651
13 , 652
13 , 655
13 , 657
13 , 660
13 , 662
13 , 664
13 , 665
13 , 666
13 , 669
13 , 672
13 , 674
13 , 676
13 , 679
13 , 681
13 , 683
13 , 687
13 , 688
13 , 689
13 , 690
13 , 691
13 , 693
13 , 694
13 , 696
13 , 699
13 , 701
13 , 703
13 , 704
13 , 705
13 , 707
13 , 708
13 , 710
13 , 712
13 , 715
13 , 719
13 , 720
13 , 723
13 , 726
13 , 728
13 , 729
13 , 730
13 , 731
13 , 737
13 , 738
13 , 740
13 , 742
13 , 743
13 , 744
13 , 746
13 , 749
13 , 751
13 , 753
13 , 754
13 , 756
13 , 757
13 , 758
13 , 760
13 , 761
13 , 764
13 , 765
13 , 766
13 , 767
13 , 768
13 , 769
13 , 770
13 , 771
13 , 775
13 , 778
13 , 781
13 , 786
13 , 787
13 , 789
13 , 792
13 , 795
13 , 798
13 , 799
13 , 802
13 , 803
13 , 808
13 , 810
13 , 812
13 , 813
13 , 814
13 , 816
13 , 817
13 , 819
13 , 820
13 , 821
13 , 822
13 , 823
13 , 827
13 , 831
13 , 834
13 , 835
13 , 836
13 , 841
13 , 842
13 , 844
13 , 845
13 , 846
13 , 847
13 , 848
13 , 853
13 , 855
13 , 860
13 , 861
13 , 862
13 , 863
13 , 866
13 , 867
13 , 869
13 , 872
13 , 874
13 , 878
13 , 880
13 , 882
13 , 883
13 , 885
13 , 886
13 , 891
13 , 892
13 , 893
13 , 894
13 , 899
13 , 901
13 , 902
13 , 903
13 , 904
13 , 905
13 , 906
13 , 913
13 , 914
13 , 915
13 , 919
13 , 920
13 , 921
13 , 923
13 , 924
13 , 925
13 , 928
13 , 929
13 , 930
13 , 931
13 , 932
13 , 933
13 , 936
13 , 938
13 , 939
13 , 940
13 , 942
13 , 943
13 , 948
13 , 949
13 , 950
13 , 951
13 , 952
13 , 953
13 , 955
13 , 956
13 , 957
13 , 958
13 , 963
13 , 964
13 , 966
13 , 967
13 , 968
13 , 970
13 , 971
13 , 974
13 , 978
13 , 980
13 , 983
13 , 986
13 , 987
13 , 988
13 , 990
13 , 991
13 , 1000
13 , 1001
13 , 1010
13 , 1011
13 , 1013
13 , 1021
13 , 1022
13 , 1023
13 , 1024
13 , 1025
13 , 1028
13 , 1029
13 , 1030
13 , 1031
13 , 1034
13 , 1035
13 , 1037
13 , 1038
13 , 1039
13 , 1040
13 , 1043
13 , 1045
13 , 1046
13 , 1048
13 , 1053
13 , 1054
13 , 1056
13 , 1057
13 , 1058
13 , 1060
13 , 1061
13 , 1066
13 , 1067
13 , 1069
13 , 1070
13 , 1073
13 , 1074
13 , 1075
13 , 1076
13 , 1080
13 , 1081
13 , 1082
13 , 1084
13 , 1085
13 , 1086
13 , 1091
13 , 1092
13 , 1094
13 , 1096
13 , 1097
13 , 1098
13 , 1101
13 , 1105
13 , 1108
13 , 1109
13 , 1110
13 , 1111
13 , 1114
13 , 1116
13 , 1120
13 , 1121
13 , 1123
13 , 1127
13 , 1128
13 , 1129
13 , 1130
13 , 1131
13 , 1134
13 , 1137
13 , 1139
13 , 1140
13 , 1141
13 , 1144
13 , 1145
13 , 1146
13 , 1148
13 , 1150
13 , 1152
13 , 1157
13 , 1161
13 , 1162
13 , 1163
13 , 1167
13 , 1169
13 , 1173
13 , 1176
13 , 1177
13 , 1180
13 , 1181
13 , 1184
13 , 1187
13 , 1188
13 , 1191
13 , 1192
13 , 1199
13 , 1200
13 , 1201
13 , 1202
13 , 1207
13 , 1208
13 , 1211
13 , 1212
13 , 1214
13 , 1216
13 , 1217
13 , 1218
13 , 1220
13 , 1221
13 , 1222
13 , 1226
13 , 1227
13 , 1228
13 , 1229
13 , 1230
13 , 1233
13 , 1234
13 , 1236
13 , 1237
13 , 1240
13 , 1242
13 , 1243
13 , 1244
13 , 1246
13 , 1248
13 , 1250
13 , 1252
13 , 1253
13 , 1254
13 , 1256
13 , 1257
13 , 1259
13 , 1260
13 , 1263
13 , 1264
13 , 1267
13 , 1268
13 , 1270
13 , 1273
13 , 1279
13 , 1282
13 , 1285
13 , 1288
13 , 1289
13 , 1293
13 , 1295
13 , 1297
13 , 1298
13 , 1299
13 , 1300
13 , 1301
13 , 1302
13 , 1303
13 , 1305
13 , 1306
13 , 1307
13 , 1308
13 , 1311
13 , 1312
13 , 1315
13 , 1317
13 , 1318
13 , 1319
13 , 1322
13 , 1325
13 , 1326
13 , 1327
13 , 1329
13 , 1331
13 , 1332
13 , 1333
13 , 1335
13 , 1336
13 , 1337
13 , 1339
13 , 1340
13 , 1342
13 , 1343
13 , 1345
13 , 1346
13 , 1347
13 , 1348
13 , 1350
13 , 1354
13 , 1355
13 , 1356
13 , 1360
13 , 1361
13 , 1363
13 , 1366
13 , 1369
13 , 1370
13 , 1371
13 , 1373
13 , 1374
13 , 1375
13 , 1377
13 , 1378
13 , 1380
13 , 1381
13 , 1382
13 , 1383
13 , 1384
13 , 1392
13 , 1393
13 , 1395
13 , 1396
13 , 1398
13 , 1400
13 , 1401
13 , 1404
13 , 1405
13 , 1407
13 , 1413
13 , 1418
13 , 1419
13 , 1420
13 , 1425
13 , 1429
13 , 1430
13 , 1431
13 , 1436
13 , 1437
13 , 1438
13 , 1440
13 , 1441
13 , 1444
13 , 1445
13 , 1446
13 , 1449
13 , 1450
13 , 1451
13 , 1452
13 , 1453
13 , 1454
13 , 1458
13 , 1460
13 , 1461
13 , 1464
13 , 1465
13 , 1469
13 , 1471
13 , 1472
13 , 1473
13 , 1474
13 , 1478
13 , 1482
13 , 1483
13 , 1484
13 , 1487
13 , 1488
13 , 1490
13 , 1491
13 , 1492
13 , 1495
13 , 1497
13 , 1500
13 , 1501
13 , 1502
13 , 1503
13 , 1505
13 , 1506
13 , 1507
13 , 1511
13 , 1512
13 , 1514
13 , 1516
13 , 1517
13 , 1521
13 , 1522
13 , 1525
13 , 1526
13 , 1529
13 , 1530
13 , 1531
13 , 1532
13 , 1535
13 , 1538
13 , 1539
13 , 1541
13 , 1543
13 , 1544
13 , 1545
13 , 1548
13 , 1549
13 , 1550
13 , 1551
13 , 1552
13 , 1553
13 , 1554
13 , 1558
13 , 1561
13 , 1562
13 , 1563
13 , 1566
13 , 1567
13 , 1569
13 , 1571
13 , 1576
13 , 1577
13 , 1578
13 , 1583
13 , 1584
13 , 1585
13 , 1586
13 , 1588
13 , 1589
13 , 1593
13 , 1595
13 , 1596
13 , 1598
13 , 1599
13 , 1602
13 , 1604
13 , 1606
13 , 1607
13 , 1608
13 , 1609
13 , 1611
13 , 1613
13 , 1616
13 , 1618
13 , 1619
13 , 1620
13 , 1621
13 , 1623
13 , 1624
13 , 1628
13 , 1629
13 , 1632
13 , 1633
13 , 1635
13 , 1636
13 , 1637
13 , 1639
13 , 1643
13 , 1644
13 , 1646
13 , 1648
13 , 1650
13 , 1653
13 , 1654
13 , 1657
13 , 1658
13 , 1660
13 , 1661
13 , 1663
13 , 1664
13 , 1666
13 , 1667
13 , 1668
13 , 1671
13 , 1675
13 , 1677
13 , 1678
13 , 1680
13 , 1681
13 , 1683
13 , 1684
13 , 1687
13 , 1689
13 , 1690
13 , 1691
13 , 1693
13 , 1694
13 , 1695
13 , 1696
13 , 1698
13 , 1700
13 , 1704
13 , 1708
13 , 1711
13 , 1712
13 , 1713
13 , 1714
13 , 1715
13 , 1716
13 , 1718
13 , 1720
13 , 1723
13 , 1725
13 , 1727
13 , 1728
13 , 1732
13 , 1733
13 , 1734
13 , 1735
13 , 1741
13 , 1742
13 , 1744
13 , 1746
13 , 1747
13 , 1748
13 , 1750
13 , 1752
13 , 1754
13 , 1755
13 , 1756
13 , 1757
13 , 1758
13 , 1759
13 , 1760
13 , 1761
13 , 1762
13 , 1769
13 , 1770
13 , 1775
13 , 1776
13 , 1779
13 , 1784
13 , 1785
13 , 1787
13 , 1788
13 , 1790
13 , 1791
13 , 1793
13 , 1794
13 , 1795
13 , 1796
13 , 1797
13 , 1798
13 , 1803
13 , 1804
13 , 1805
13 , 1812
13 , 1818
13 , 1819
13 , 1821
13 , 1822
13 , 1823
13 , 1824
13 , 1827
13 , 1828
13 , 1829
13 , 1831
13 , 1835
13 , 1836
13 , 1837
13 , 1839
13 , 1840
13 , 1841
13 , 1842
13 , 1845
13 , 1846
13 , 1847
13 , 1848
13 , 1850
13 , 1851
13 , 1852
13 , 1855
13 , 1857
13 , 1858
13 , 1863
13 , 1865
13 , 1866
13 , 1867
13 , 1872
13 , 1873
13 , 1875
13 , 1880
13 , 1882
13 , 1884
13 , 1887
13 , 1890
13 , 1892
13 , 1893
13 , 1899
13 , 1901
13 , 1903
13 , 1905
13 , 1909
13 , 1911
13 , 1913
13 , 1915
13 , 1918
13 , 1919
13 , 1922
13 , 1925
13 , 1930
13 , 1931
13 , 1932
13 , 1933
13 , 1934
13 , 1936
13 , 1937
13 , 1940
13 , 1942
13 , 1943
13 , 1944
13 , 1945
13 , 1946
13 , 1947
13 , 1948
13 , 1951
13 , 1952
13 , 1953
13 , 1954
13 , 1956
13 , 1959
13 , 1960
13 , 1961
13 , 1964
13 , 1965
13 , 1966
13 , 1967
13 , 1969
13 , 1970
13 , 1971
13 , 1973
13 , 1975
13 , 1977
13 , 1979
13 , 1980
13 , 1981
13 , 1982
13 , 1984
13 , 1985
13 , 1986
13 , 1988
13 , 1989
13 , 1990
13 , 1993
13 , 1995
13 , 1996
13 , 1999
13 , 2006
13 , 2007
13 , 2010
13 , 2012
13 , 2013
13 , 2015
13 , 2016
13 , 2017
13 , 2019
13 , 2020
13 , 2022
13 , 2023
13 , 2026
13 , 2027
13 , 2030
13 , 2031
13 , 2034
13 , 2036
13 , 2038
13 , 2040
13 , 2041
13 , 2043
13 , 2045
13 , 2046
13 , 2047
13 , 2048
13 , 2050
13 , 2051
13 , 2052
13 , 2053
13 , 2054
13 , 2055
13 , 2056
13 , 2057
13 , 2058
13 , 2061
13 , 2062
13 , 2063
13 , 2066
13 , 2067
13 , 2069
13 , 2070
13 , 2071
13 , 2072
13 , 2073
13 , 2074
13 , 2076
13 , 2077
13 , 2079
13 , 2080
13 , 2081
13 , 2082
13 , 2083
13 , 2084
13 , 2085
13 , 2086
13 , 2087
13 , 2088
13 , 2089
13 , 2090
13 , 2092
13 , 2093
13 , 2094
13 , 2095
13 , 2097
13 , 2099
13 , 2101
13 , 2102
13 , 2103
13 , 2104
13 , 2105
13 , 2106
13 , 2110
13 , 2111
13 , 2112
13 , 2114
13 , 2115
13 , 2117
13 , 2119
13 , 2125
13 , 2126
13 , 2133
13 , 2134
13 , 2135
13 , 2136
13 , 2139
13 , 2141
13 , 2145
13 , 2147
13 , 2150
13 , 2154
13 , 2157
13 , 2159
13 , 2160
13 , 2161
13 , 2163
13 , 2165
13 , 2166
13 , 2167
13 , 2170
13 , 2174
13 , 2176
13 , 2178
13 , 2179
13 , 2182
13 , 2183
13 , 2185
13 , 2188
13 , 2191
13 , 2192
13 , 2194
13 , 2197
13 , 2198
13 , 2199
13 , 2200
13 , 2201
13 , 2202
13 , 2203
13 , 2204
13 , 2207
13 , 2209
13 , 2211
13 , 2212
13 , 2216
13 , 2221
13 , 2222
13 , 2224
13 , 2225
13 , 2227
13 , 2229
13 , 2231
13 , 2233
13 , 2236
13 , 2237
13 , 2240
13 , 2241
13 , 2242
13 , 2243
13 , 2244
13 , 2246
13 , 2247
13 , 2250
13 , 2252
13 , 2253
13 , 2254
13 , 2257
13 , 2259
13 , 2262
13 , 2263
13 , 2264
13 , 2266
13 , 2268
13 , 2271
13 , 2272
13 , 2274
13 , 2275
13 , 2276
13 , 2281
13 , 2282
13 , 2286
13 , 2288
13 , 2290
13 , 2292
13 , 2293
13 , 2294
13 , 2295
13 , 2296
13 , 2297
13 , 2298
13 , 2299
13 , 2300
13 , 2302
13 , 2305
13 , 2306
13 , 2310
13 , 2311
13 , 2312
13 , 2314
13 , 2315
13 , 2318
13 , 2319
13 , 2321
13 , 2322
13 , 2323
13 , 2326
13 , 2327
13 , 2328
13 , 2329
13 , 2330
13 , 2332
13 , 2334
13 , 2335
13 , 2336
13 , 2340
13 , 2341
13 , 2342
13 , 2343
13 , 2344
13 , 2347
13 , 2352
13 , 2354
13 , 2357
13 , 2358
13 , 2359
13 , 2360
13 , 2361
13 , 2365
13 , 2366
13 , 2367
13 , 2368
13 , 2369
13 , 2370
13 , 2372
13 , 2373
13 , 2375
13 , 2377
13 , 2378
13 , 2380
13 , 2381
13 , 2382
13 , 2389
13 , 2391
13 , 2393
13 , 2397
13 , 2398
13 , 2402
13 , 2405
13 , 2406
13 , 2411
13 , 2412
13 , 2413
13 , 2415
13 , 2420
13 , 2422
13 , 2424
13 , 2426
13 , 2428
13 , 2429
13 , 2434
13 , 2435
13 , 2439
13 , 2440
13 , 2442
13 , 2443
13 , 2445
13 , 2446
13 , 2447
13 , 2448
13 , 2449
13 , 2450
13 , 2451
13 , 2456
13 , 2457
13 , 2458
13 , 2459
13 , 2464
13 , 2465
13 , 2467
13 , 2468
13 , 2470
13 , 2471
13 , 2473
13 , 2474
13 , 2477
13 , 2479
13 , 2480
13 , 2481
13 , 2485
13 , 2486
13 , 2488
13 , 2489
13 , 2490
13 , 2491
13 , 2493
13 , 2494
13 , 2496
13 , 2498
13 , 2499
13 , 2501
13 , 2503
13 , 2504
13 , 2506
13 , 2510
13 , 2512
13 , 2516
13 , 2517
13 , 2519
13 , 2524
13 , 2526
13 , 2527
13 , 2528
13 , 2530
13 , 2531
13 , 2533
13 , 2535
13 , 2539
13 , 2541
13 , 2542
13 , 2543
13 , 2546
13 , 2547
13 , 2549
13 , 2550
13 , 2551
13 , 2552
13 , 2553
13 , 2554
13 , 2558
13 , 2559
13 , 2560
13 , 2563
13 , 2564
13 , 2565
13 , 2566
13 , 2567
13 , 2570
13 , 2573
13 , 2574
13 , 2575
13 , 2577
13 , 2580
13 , 2584
13 , 2585
13 , 2588
13 , 2590
13 , 2594
13 , 2595
13 , 2596
13 , 2597
13 , 2604
13 , 2605
13 , 2606
13 , 2608
13 , 2609
13 , 2611
13 , 2612
13 , 2614
13 , 2615
13 , 2618
13 , 2619
13 , 2621
13 , 2628
13 , 2629
13 , 2633
13 , 2635
13 , 2637
13 , 2641
13 , 2645
13 , 2647
13 , 2648
13 , 2650
13 , 2657
13 , 2658
13 , 2659
13 , 2660
13 , 2661
13 , 2663
13 , 2664
13 , 2665
13 , 2666
13 , 2667
13 , 2668
13 , 2669
13 , 2671
13 , 2672
13 , 2673
13 , 2675
13 , 2677
13 , 2678
13 , 2680
13 , 2685
13 , 2691
13 , 2692
13 , 2694
13 , 2695
13 , 2697
13 , 2698
13 , 2700
13 , 2703
13 , 2704
13 , 2707
13 , 2708
13 , 2710
13 , 2711
13 , 2712
13 , 2713
13 , 2714
13 , 2717
13 , 2718
13 , 2720
13 , 2722
13 , 2723
13 , 2724
13 , 2731
13 , 2732
13 , 2734
13 , 2738
13 , 2739
13 , 2741
13 , 2743
13 , 2744
13 , 2745
13 , 2746
13 , 2747
13 , 2750
13 , 2751
13 , 2752
13 , 2755
13 , 2761
13 , 2764
13 , 2765
13 , 2766
13 , 2771
13 , 2773
13 , 2774
13 , 2775
13 , 2777
13 , 2778
13 , 2780
13 , 2782
13 , 2783
13 , 2784
13 , 2786
13 , 2787
13 , 2789
13 , 2790
13 , 2792
13 , 2794
13 , 2795
13 , 2797
13 , 2801
13 , 2802
13 , 2804
13 , 2808
13 , 2809
13 , 2810
13 , 2811
13 , 2812
13 , 2813
13 , 2814
13 , 2816
13 , 2817
13 , 2822
13 , 2823
13 , 2826
13 , 2827
13 , 2828
13 , 2830
13 , 2831
13 , 2832
13 , 2833
13 , 2834
13 , 2835
13 , 2836
13 , 2837
13 , 2839
13 , 2840
13 , 2842
13 , 2843
13 , 2846
13 , 2848
13 , 2849
13 , 2850
13 , 2852
13 , 2853
13 , 2854
13 , 2856
13 , 2860
13 , 2863
13 , 2865
13 , 2867
13 , 2871
13 , 2872
13 , 2875
13 , 2877
13 , 2878
13 , 2880
13 , 2881
13 , 2885
13 , 2887
13 , 2889
13 , 2890
13 , 2891
13 , 2892
13 , 2893
13 , 2898
13 , 2899
13 , 2902
13 , 2903
13 , 2904
13 , 2908
13 , 2909
13 , 2910
13 , 2913
13 , 2914
13 , 2917
13 , 2918
13 , 2925
13 , 2926
13 , 2927
13 , 2928
13 , 2931
13 , 2933
13 , 2934
13 , 2936
13 , 2937
13 , 2938
13 , 2939
13 , 2942
13 , 2943
13 , 2944
13 , 2946
13 , 2948
13 , 2949
13 , 2950
13 , 2951
13 , 2952
13 , 2953
13 , 2954
13 , 2959
13 , 2965
13 , 2966
13 , 2970
13 , 2971
13 , 2977
13 , 2979
13 , 2981
13 , 2982
13 , 2983
13 , 2986
13 , 2987
13 , 2990
13 , 2993
13 , 2995
13 , 2997
13 , 2998
13 , 3000
13 , 3001
13 , 3005
13 , 3007
13 , 3009
13 , 3011
13 , 3012
13 , 3013
13 , 3014
13 , 3018
13 , 3019
13 , 3022
13 , 3024
13 , 3025
13 , 3026
13 , 3028
13 , 3029
13 , 3031
13 , 3039
13 , 3040
13 , 3042
13 , 3043
13 , 3044
13 , 3048
13 , 3050
13 , 3051
13 , 3053
13 , 3055
13 , 3057
13 , 3059
13 , 3062
13 , 3065
13 , 3067
13 , 3070
13 , 3072
13 , 3073
13 , 3074
13 , 3077
13 , 3083
13 , 3084
13 , 3086
13 , 3088
13 , 3090
13 , 3091
13 , 3092
13 , 3093
13 , 3096
13 , 3098
13 , 3099
13 , 3100
13 , 3101
13 , 3103
13 , 3104
13 , 3106
13 , 3109
13 , 3111
13 , 3112
13 , 3114
13 , 3120
13 , 3121
13 , 3123
13 , 3124
13 , 3125
13 , 3127
13 , 3129
13 , 3132
13 , 3137
13 , 3138
13 , 3139
13 , 3140
13 , 3141
13 , 3143
13 , 3144
13 , 3149
13 , 3151
13 , 3153
13 , 3154
13 , 3156
13 , 3158
13 , 3159
13 , 3162
13 , 3163
13 , 3164
13 , 3165
13 , 3166
13 , 3167
13 , 3169
13 , 3170
13 , 3172
13 , 3174
13 , 3175
13 , 3176
13 , 3178
13 , 3179
13 , 3182
13 , 3185
13 , 3186
13 , 3187
13 , 3189
13 , 3191
13 , 3192
13 , 3193
13 , 3195
13 , 3196
13 , 3197
13 , 3198
13 , 3201
13 , 3202
13 , 3209
13 , 3210
13 , 3211
13 , 3212
13 , 3213
13 , 3214
13 , 3216
13 , 3220
13 , 3222
13 , 3223
13 , 3224
13 , 3225
13 , 3226
13 , 3229
13 , 3230
13 , 3233
13 , 3235
13 , 3236
13 , 3238
13 , 3239
13 , 3241
13 , 3242
13 , 3243
13 , 3245
13 , 3246
13 , 3247
13 , 3250
13 , 3251
13 , 3252
13 , 3255
13 , 3257
13 , 3258
13 , 3259
13 , 3260
13 , 3265
13 , 3266
13 , 3270
13 , 3271
13 , 3273
13 , 3274
13 , 3275
13 , 3277
13 , 3279
13 , 3280
13 , 3284
13 , 3285
13 , 3286
13 , 3287
13 , 3291
13 , 3293
13 , 3294
13 , 3295
13 , 3297
13 , 3298
13 , 3299
13 , 3300
13 , 3304
13 , 3307
13 , 3309
13 , 3310
13 , 3313
13 , 3314
13 , 3316
13 , 3317
13 , 3319
13 , 3320
13 , 3321
13 , 3322
13 , 3323
13 , 3324
13 , 3325
13 , 3326
13 , 3327
13 , 3329
13 , 3331
13 , 3333
13 , 3334
13 , 3338
13 , 3339
13 , 3341
13 , 3342
13 , 3343
13 , 3344
13 , 3347
13 , 3350
13 , 3352
13 , 3353
13 , 3355
13 , 3356
13 , 3358
13 , 3359
13 , 3361
13 , 3362
13 , 3364
13 , 3365
13 , 3366
13 , 3368
13 , 3369
13 , 3371
13 , 3372
13 , 3373
13 , 3374
13 , 3380
13 , 3382
13 , 3383
13 , 3384
13 , 3388
13 , 3389
13 , 3391
13 , 3392
13 , 3393
13 , 3394
13 , 3397
13 , 3400
13 , 3403
13 , 3404
13 , 3405
13 , 3406
13 , 3409
13 , 3410
13 , 3412
13 , 3413
13 , 3416
13 , 3417
13 , 3418
13 , 3420
13 , 3421
13 , 3423
13 , 3429
13 , 3431
13 , 3432
13 , 3435
13 , 3436
13 , 3437
13 , 3440
13 , 3442
13 , 3443
13 , 3444
13 , 3448
13 , 3451
13 , 3454
13 , 3457
13 , 3460
13 , 3461
13 , 3463
13 , 3465
13 , 3467
13 , 3468
13 , 3469
13 , 3470
13 , 3471
13 , 3479
13 , 3481
13 , 3482
13 , 3487
13 , 3490
13 , 3491
13 , 3494
13 , 3504
13 , 3505
13 , 3506
13 , 3507
13 , 3510
13 , 3511
13 , 3513
13 , 3514
13 , 3515
13 , 3516
13 , 3517
13 , 3518
13 , 3520
13 , 3521
13 , 3523
13 , 3525
13 , 3527
13 , 3530
13 , 3532
13 , 3535
13 , 3536
13 , 3537
13 , 3538
13 , 3539
13 , 3540
13 , 3541
13 , 3543
13 , 3544
13 , 3546
13 , 3547
13 , 3551
13 , 3552
13 , 3554
13 , 3556
13 , 3560
13 , 3562
13 , 3563
13 , 3564
13 , 3565
13 , 3567
13 , 3569
13 , 3571
13 , 3573
13 , 3574
13 , 3575
13 , 3576
13 , 3577
13 , 3582
13 , 3583
13 , 3588
13 , 3590
13 , 3592
13 , 3600
13 , 3601
13 , 3603
13 , 3609
13 , 3610
13 , 3613
13 , 3616
13 , 3617
13 , 3618
13 , 3619
13 , 3621
13 , 3622
13 , 3623
13 , 3624
13 , 3629
13 , 3634
13 , 3637
13 , 3639
13 , 3640
13 , 3643
13 , 3644
13 , 3646
13 , 3647
13 , 3648
13 , 3649
13 , 3650
13 , 3653
13 , 3657
13 , 3662
13 , 3663
13 , 3665
13 , 3669
13 , 3670
13 , 3672
13 , 3673
13 , 3674
13 , 3675
13 , 3676
13 , 3678
13 , 3680
13 , 3683
13 , 3684
13 , 3685
13 , 3688
13 , 3692
13 , 3694
13 , 3696
13 , 3697
13 , 3699
13 , 3700
13 , 3701
13 , 3703
13 , 3705
13 , 3709
13 , 3710
13 , 3711
13 , 3712
13 , 3713
13 , 3715
13 , 3716
13 , 3717
13 , 3719
13 , 3721
13 , 3722
13 , 3724
13 , 3725
13 , 3726
13 , 3730
13 , 3731
13 , 3735
13 , 3736
13 , 3739
13 , 3740
13 , 3741
13 , 3742
13 , 3744
13 , 3745
13 , 3750
13 , 3753
13 , 3754
13 , 3755
13 , 3756
13 , 3759
13 , 3761
13 , 3764
13 , 3766
13 , 3767
13 , 3770
13 , 3772
13 , 3775
13 , 3776
13 , 3778
13 , 3779
13 , 3780
13 , 3785
13 , 3786
13 , 3787
13 , 3788
13 , 3792
13 , 3793
13 , 3795
13 , 3797
13 , 3798
13 , 3802
13 , 3804
13 , 3805
13 , 3806
13 , 3809
13 , 3813
13 , 3814
13 , 3815
13 , 3818
13 , 3821
13 , 3823
13 , 3824
13 , 3826
13 , 3829
13 , 3830
13 , 3832
13 , 3834
13 , 3837
13 , 3838
13 , 3844
13 , 3846
13 , 3853
13 , 3854
13 , 3855
13 , 3858
13 , 3859
13 , 3861
13 , 3862
13 , 3864
13 , 3869
13 , 3870
13 , 3872
13 , 3874
13 , 3876
13 , 3879
13 , 3881
13 , 3883
13 , 3884
13 , 3886
13 , 3887
13 , 3889
13 , 3892
13 , 3894
13 , 3896
13 , 3898
13 , 3900
13 , 3905
13 , 3907
13 , 3909
13 , 3910
13 , 3912
13 , 3913
13 , 3915
13 , 3916
13 , 3917
13 , 3921
13 , 3923
13 , 3926
13 , 3928
13 , 3930
13 , 3931
13 , 3934
13 , 3935
13 , 3936
13 , 3937
13 , 3939
13 , 3940
13 , 3941
13 , 3944
13 , 3945
13 , 3947
13 , 3948
13 , 3949
13 , 3950
13 , 3953
13 , 3954
13 , 3956
13 , 3959
13 , 3962
13 , 3964
13 , 3969
13 , 3970
13 , 3971
13 , 3972
13 , 3975
13 , 3977
13 , 3980
13 , 3982
13 , 3983
13 , 3985
13 , 3986
13 , 3988
13 , 3989
13 , 3990
13 , 3992
13 , 3994
13 , 3996
13 , 3999
13 , 4001
13 , 4006
13 , 4011
13 , 4012
13 , 4013
13 , 4015
13 , 4017
13 , 4019
13 , 4021
13 , 4022
13 , 4023
13 , 4025
13 , 4027
13 , 4028
13 , 4029
13 , 4030
13 , 4031
13 , 4032
13 , 4033
13 , 4034
13 , 4038
13 , 4040
13 , 4041
13 , 4043
13 , 4047
13 , 4048
13 , 4050
13 , 4051
13 , 4054
13 , 4055
13 , 4056
13 , 4058
13 , 4059
13 , 4060
13 , 4061
13 , 4064
13 , 4065
13 , 4069
13 , 4070
13 , 4072
13 , 4073
13 , 4074
13 , 4077
13 , 4079
13 , 4080
13 , 4082
13 , 4084
13 , 4085
13 , 4086
13 , 4087
13 , 4089
13 , 4090
13 , 4091
13 , 4095
13 , 4098
13 , 4099
13 , 4100
13 , 4101
13 , 4102
13 , 4103
13 , 4104
13 , 4105
13 , 4106
13 , 4108
13 , 4109
13 , 4110
13 , 4111
13 , 4112
13 , 4113
13 , 4114
13 , 4118
13 , 4122
13 , 4124
13 , 4126
13 , 4127
13 , 4130
13 , 4131
13 , 4133
13 , 4138
13 , 4140
13 , 4141
13 , 4142
13 , 4144
13 , 4147
13 , 4149
13 , 4151
13 , 4154
13 , 4155
13 , 4156
13 , 4157
13 , 4158
13 , 4159
13 , 4162
13 , 4163
13 , 4165
13 , 4166
13 , 4167
13 , 4170
13 , 4174
13 , 4175
13 , 4176
13 , 4177
13 , 4178
13 , 4180
13 , 4181
13 , 4182
13 , 4188
13 , 4189
13 , 4190
13 , 4191
13 , 4193
13 , 4196
13 , 4200
13 , 4202
13 , 4203
13 , 4205
13 , 4209
13 , 4211
13 , 4213
13 , 4214
13 , 4215
13 , 4219
13 , 4223
13 , 4224
13 , 4225
13 , 4226
13 , 4227
13 , 4228
13 , 4231
13 , 4234
13 , 4235
13 , 4236
13 , 4237
13 , 4238
13 , 4239
13 , 4241
13 , 4243
13 , 4244
13 , 4246
13 , 4248
13 , 4249
13 , 4250
13 , 4253
13 , 4256
13 , 4257
13 , 4258
13 , 4261
13 , 4262
13 , 4263
13 , 4264
13 , 4265
13 , 4266
13 , 4267
13 , 4269
13 , 4271
13 , 4273
13 , 4276
13 , 4277
13 , 4281
13 , 4285
13 , 4287
13 , 4289
13 , 4291
13 , 4295
13 , 4296
13 , 4297
13 , 4300
13 , 4301
13 , 4304
13 , 4305
13 , 4315
13 , 4316
13 , 4318
13 , 4322
13 , 4323
13 , 4327
13 , 4328
13 , 4330
13 , 4331
13 , 4332
13 , 4333
13 , 4334
13 , 4335
13 , 4336
13 , 4337
13 , 4339
13 , 4341
13 , 4343
13 , 4344
13 , 4345
13 , 4348
13 , 4349
13 , 4351
13 , 4353
13 , 4354
13 , 4357
13 , 4358
13 , 4359
13 , 4361
13 , 4362
13 , 4365
13 , 4366
13 , 4367
13 , 4369
13 , 4372
13 , 4375
13 , 4376
13 , 4377
13 , 4378
13 , 4381
13 , 4382
13 , 4383
13 , 4385
13 , 4388
13 , 4389
13 , 4391
13 , 4392
13 , 4393
13 , 4394
13 , 4397
13 , 4400
13 , 4402
13 , 4403
13 , 4406
13 , 4410
13 , 4411
13 , 4412
13 , 4414
13 , 4415
13 , 4416
13 , 4417
13 , 4419
13 , 4421
13 , 4422
13 , 4425
13 , 4428
13 , 4436
13 , 4438
13 , 4440
13 , 4442
13 , 4446
13 , 4447
13 , 4448
13 , 4449
13 , 4452
13 , 4453
13 , 4457
13 , 4458
13 , 4459
13 , 4461
13 , 4462
13 , 4463
13 , 4465
13 , 4468
13 , 4469
13 , 4470
13 , 4472
13 , 4473
13 , 4476
13 , 4477
13 , 4478
13 , 4481
13 , 4482
13 , 4483
13 , 4485
13 , 4489
13 , 4491
13 , 4492
13 , 4494
13 , 4497
13 , 4498
13 , 4499
13 , 4503
13 , 4507
13 , 4508
13 , 4509
13 , 4511
13 , 4513
13 , 4517
13 , 4518
13 , 4521
13 , 4522
13 , 4523
13 , 4524
13 , 4530
13 , 4535
13 , 4536
13 , 4540
13 , 4541
13 , 4542
13 , 4544
13 , 4545
13 , 4546
13 , 4550
13 , 4553
13 , 4554
13 , 4556
13 , 4558
13 , 4559
13 , 4560
13 , 4562
13 , 4564
13 , 4565
13 , 4568
13 , 4569
13 , 4570
13 , 4573
13 , 4575
13 , 4576
13 , 4580
13 , 4581
13 , 4582
13 , 4583
13 , 4589
13 , 4590
13 , 4591
13 , 4593
13 , 4595
13 , 4596
13 , 4598
13 , 4599
13 , 4600
13 , 4603
13 , 4606
13 , 4607
13 , 4609
13 , 4610
13 , 4611
13 , 4613
13 , 4615
13 , 4620
13 , 4622
13 , 4624
13 , 4628
13 , 4629
13 , 4632
13 , 4635
13 , 4637
13 , 4638
13 , 4639
13 , 4643
13 , 4645
13 , 4646
13 , 4647
13 , 4651
13 , 4652
13 , 4653
13 , 4654
13 , 4656
13 , 4658
13 , 4659
13 , 4660
13 , 4662
13 , 4666
13 , 4667
13 , 4668
13 , 4669
13 , 4670
13 , 4671
13 , 4672
13 , 4676
13 , 4677
13 , 4678
13 , 4681
13 , 4685
13 , 4686
13 , 4688
13 , 4689
13 , 4690
13 , 4691
13 , 4692
13 , 4696
13 , 4697
13 , 4699
13 , 4702
13 , 4703
13 , 4706
13 , 4710
13 , 4712
13 , 4714
13 , 4717
13 , 4720
13 , 4721
13 , 4725
13 , 4726
13 , 4727
13 , 4728
13 , 4731
13 , 4732
13 , 4734
13 , 4735
13 , 4738
13 , 4743
13 , 4744
13 , 4748
13 , 4749
13 , 4750
13 , 4752
13 , 4753
13 , 4754
13 , 4758
13 , 4759
13 , 4760
13 , 4762
13 , 4764
13 , 4765
13 , 4767
13 , 4768
13 , 4769
13 , 4770
13 , 4771
13 , 4772
13 , 4773
13 , 4774
13 , 4776
13 , 4778
13 , 4779
13 , 4781
13 , 4784
13 , 4785
13 , 4786
13 , 4788
13 , 4790
13 , 4792
13 , 4793
13 , 4794
13 , 4795
13 , 4798
13 , 4800
13 , 4803
13 , 4804
13 , 4805
13 , 4806
13 , 4807
13 , 4808
13 , 4811
13 , 4812
13 , 4814
13 , 4816
13 , 4818
13 , 4820
13 , 4821
13 , 4822
13 , 4823
13 , 4824
13 , 4826
13 , 4827
13 , 4829
13 , 4830
13 , 4832
13 , 4834
13 , 4835
13 , 4836
13 , 4838
13 , 4839
13 , 4844
13 , 4846
13 , 4848
13 , 4849
13 , 4850
13 , 4852
13 , 4854
13 , 4855
13 , 4856
13 , 4860
13 , 4864
13 , 4865
13 , 4866
13 , 4868
13 , 4869
13 , 4871
13 , 4876
13 , 4878
13 , 4880
13 , 4882
13 , 4883
13 , 4885
13 , 4886
13 , 4887
13 , 4888
13 , 4890
13 , 4893
13 , 4894
13 , 4897
13 , 4899
13 , 4900
13 , 4901
13 , 4902
13 , 4903
13 , 4904
13 , 4905
13 , 4906
13 , 4908
13 , 4909
13 , 4912
13 , 4913
13 , 4914
13 , 4915
13 , 4916
13 , 4920
13 , 4921
13 , 4924
13 , 4926
13 , 4928
13 , 4930
13 , 4931
13 , 4934
13 , 4935
13 , 4937
13 , 4938
13 , 4940
13 , 4941
13 , 4944
13 , 4946
13 , 4948
13 , 4949
13 , 4950
13 , 4952
13 , 4953
13 , 4955
13 , 4957
13 , 4959
13 , 4960
13 , 4961
13 , 4962
13 , 4965
13 , 4966
13 , 4968
13 , 4969
13 , 4973
13 , 4974
13 , 4978
13 , 4979
13 , 4982
13 , 4984
13 , 4985
13 , 4987
13 , 4990
13 , 4992
13 , 4996
13 , 4997
13 , 4998
13 , 4999
